(256.0, 128.0)
(900.0, 289.0)
(683.1, 290.0)
(661.7, 291.8)
(640.6, 293.5)
(620.0, 295.1)
(599.7, 296.8)
(579.9, 298.4)
(560.3, 300.0)
(541.2, 301.5)
(522.4, 303.1)
(503.9, 304.6)
(485.8, 306.0)
(468.0, 307.5)
(450.5, 308.9)
(433.3, 310.3)
(416.5, 311.7)
(399.9, 313.0)
(383.5, 314.4)
(367.5, 315.7)
(351.7, 316.9)
(336.2, 318.2)
(321.0, 319.4)
(306.0, 320.7)
(291.2, 321.9)
(276.7, 323.0)
(262.4, 324.2)
(248.3, 325.4)
(234.5, 326.5)
(220.9, 327.6)
(207.4, 328.7)
(194.2, 329.8)
(181.2, 330.8)
(168.4, 331.9)
(155.8, 332.9)
(143.3, 333.9)
(131.1, 334.9)
(119.0, 335.9)
(107.1, 336.8)
(95.4, 337.8)
(83.8, 338.7)
(72.4, 339.7)
(0.4, 340.0)